###########1############

float trainingSetAcceleration[nOfSamples][vectorLength] =
		{
			{ 98,97,102,124,135,100,89,126,89,122 },
			{ 99,102,100,101,99,135,98,90,88,121 },
			{ 105,89,105,107,102,111,86,126,98,125 },
			{ 45,4,5,7,2,1,8,66,8,124 },
			{ 45,4,5,7,2,1,8,66,8,12 },
			{ 45,4,5,7,2,1,8,66,8,12 },
			{ 45,4,5,7,2,1,8,66,8,12 },
			{ 45,4,5,7,2,1,8,66,8,12 },
			{ 45,4,5,7,2,1,8,66,8,12 },
			{ 45,4,5,7,2,1,8,66,8,12 },
			{ 45,4,5,7,2,1,8,66,8,12 },
			{ 45,4,5,7,2,1,8,66,8,12 },
			{ 97,101,102,99,87,107,89,123,89,127 },
			{ 45,4,5,7,2,1,8,66,8,12 },
			{ 45,4,5,7,2,1,8,66,8,12 },
			{ 45,4,5,7,2,1,8,66,8,12 },
			{ 45,4,5,7,2,1,8,66,8,12 },
			{ 45,4,5,7,2,1,8,66,8,12 },
			{ 45,4,5,7,2,1,8,66,8,12 },
			{ 45,4,5,7,2,1,8,66,8,12 }
		};
		float trainingSetDirection[nOfSamples][vectorLength]=
		{
				{ 45,4,5,7,2,1,8,66,8,12 },
				{ 45,4,5,7,2,1,8,66,8,12 },
				{ 45,4,5,7,2,1,8,66,8,12 },
				{ 45,4,5,7,2,1,8,66,8,12 },
				{ 45,4,5,7,2,1,8,66,8,12 },
				{ 45,4,5,7,2,1,8,66,8,12 },
				{ 45,4,5,7,2,1,8,66,8,12 },
				{ 45,4,5,7,2,1,8,66,8,12 },
				{ 45,4,5,7,2,1,8,66,8,12 },
				{ 45,4,5,7,2,1,8,66,8,12 },
				{ 45,4,5,7,2,1,8,66,8,12 },
				{ 45,4,5,7,2,1,8,66,8,12 },
				{ 45,4,5,7,2,1,8,66,8,12 },
				{ 45,4,5,7,2,1,8,66,8,12 },
				{ 45,4,5,7,2,1,8,66,8,12 },
				{ 45,4,5,7,2,1,8,66,8,12 },
				{ 45,4,5,7,2,1,8,66,8,12 },
				{ 45,4,5,7,2,1,8,66,8,12 },
				{ 45,4,5,7,2,1,8,66,8,12 },
				{ 45,4,5,7,2,1,8,66,8,12 }
		};

		//etichette del training set (note)
		//
		// 0: appartenenza a "classe1"
		// 1: appartenenza a "classe2"
		int trainingLabels[nOfSamples] = {1,1,1,0,0,0,0,0,0,0,0,0,1,0,0,0,0,0,0,0};
		
		
################2 (Originale)##################

float trainingSetAcceleration[nOfSamples][vectorLength] =
		{
			{ 45,4,5,7,2,1,8,66,8,12 },
			{ 48,47,56,71,32,51,98,6,88,12 },
			{ 45,4,5,7,2,1,8,66,8,12 },
			{ 45,4,5,7,2,1,8,66,8,12 },
			{ 45,4,5,7,2,1,8,66,8,12 },
			{ 45,4,5,7,2,1,8,66,8,12 },
			{ 45,4,5,7,2,1,8,66,8,12 },
			{ 45,4,5,7,2,1,8,66,8,12 },
			{ 45,4,5,7,2,1,8,66,8,12 },
			{ 45,4,5,7,2,1,8,66,8,12 },
			{ 45,4,5,7,2,1,8,66,8,12 },
			{ 45,4,5,7,2,1,8,66,8,12 },
			{ 45,4,5,7,2,1,8,66,8,12 },
			{ 45,4,5,7,2,1,8,66,8,12 },
			{ 45,4,5,7,2,1,8,66,8,12 },
			{ 45,4,5,7,2,1,8,66,8,12 },
			{ 45,4,5,7,2,1,8,66,8,12 },
			{ 45,4,5,7,2,1,8,66,8,12 },
			{ 45,4,5,7,2,1,8,66,8,12 },
			{ 45,4,5,7,2,1,8,66,8,12 }
		};
		float trainingSetDirection[nOfSamples][vectorLength]=
		{
				{ 45,4,5,7,2,1,8,66,8,12 },
				{ 45,4,5,7,2,1,8,66,8,12 },
				{ 45,4,5,7,2,1,8,66,8,12 },
				{ 45,4,5,7,2,1,8,66,8,12 },
				{ 45,4,5,7,2,1,8,66,8,12 },
				{ 45,4,5,7,2,1,8,66,8,12 },
				{ 45,4,5,7,2,1,8,66,8,12 },
				{ 45,4,5,7,2,1,8,66,8,12 },
				{ 45,4,5,7,2,1,8,66,8,12 },
				{ 45,4,5,7,2,1,8,66,8,12 },
				{ 45,4,5,7,2,1,8,66,8,12 },
				{ 45,4,5,7,2,1,8,66,8,12 },
				{ 45,4,5,7,2,1,8,66,8,12 },
				{ 45,4,5,7,2,1,8,66,8,12 },
				{ 45,4,5,7,2,1,8,66,8,12 },
				{ 45,4,5,7,2,1,8,66,8,12 },
				{ 45,4,5,7,2,1,8,66,8,12 },
				{ 45,4,5,7,2,1,8,66,8,12 },
				{ 45,4,5,7,2,1,8,66,8,12 },
				{ 45,4,5,7,2,1,8,66,8,12 }
		};

		//etichette del training set (note)
		//
		// 0: appartenenza a "classe1"
		// 1: appartenenza a "classe2"
		int trainingLabels[nOfSamples] = {0,1,1,0,1,1,1,0,1,1,1,1,1,0,1,1,1,1,1,0};